#the parameters for 4K, 4P, 5K, and 5P are for the hippacampus model

parameters <- c(PLC_basal = 0.0,
                K_PLC = 0.3, 
                PLC_efficiency_PIP = 1.0,
                KL1 = 2.0,
                KrL1 = 5.555555555,
                KfL1 = 2.777778,
                KfL2 = 2.777778,
                KG1 = 25500.6375159379,
                KG2 = 255.006375159379,
                KL2 = 0.02,
                KrL2 = 0.05555556,
                KfG2 = 0.0026666,
                KrG2 = 0.68,
                KfG1 = 0.00026666,
                KrG1 = 6.8,
                Kf_NE_G = 0.000015,
                Kf_NE_RG = 0.000015,
                Kr_NE_G = 0,
                Kr_NE_RG = 0,
                Kf_NE_RLG = 0.65,
                Kf_GTPase_Ga = 0.026,
                Kf_reconstitution = 1.0,
                Kf_PLC_assoc = 1.0,
                Kr_PLC_assoc = 0.0,
                Kf_GTPase_GaP = 15.0,
                Kf_NE_GaP = 4.7,
                Kf_PLC_diss = 0.71,
                Kr_PLC_diss = 0.0,
                KFlux_M_C = 0.6170981, 
                Cytoplasm = 6644, 
                UnitFactor_uM_um3_molecules_neg_1 = (1.0 / 602.0), 
                PM = 4100, 
                K_Tubby_C_total = 6644, 
                KD_Tubby_PIP2 = 1.5, 
                speed_Tubby_PIP2 = 1.0, 
                foldPIP2 = 3.0, 
                k4_rest = 0.0072, 
                k4P = 0.116, 
                k5k_rest = 0.005, 
                k5P_rest = 0.054, 
                speed_buffering = 1000,
                speed_DAG_C1 = 10.0,
                Kf_C1DAG = 10.0,
                KD_DAG_C1 = 0.2,
                C1_DAG_init_molecules_um_2 = 0.0,
                C1_dom_C_init_uM = 0.5, 
                K_C1_dom_C_total <- ((6644 * 0.5) + (4100 * (1.0 / 602.0) * 0.0)),
                Kf_DAGPase = 0.2,
                K_IP3ase = 0.13,
                speed_LIBRAvIII = 1.0,
                KD_LIBRAvIII = 0.5,
                K_IP3_LIBRAvIII_C_total <- ((6644 * 0.0) + (6644 * 6.0)),
                KD_Ca_PLC_act = 20, 
                speed_PH_PIP2 = 1.0,
                KD_PH_PIP2 = 2.0, #uM
                speed_PH_IP3 = 10.0,
                KD_PH_IP3 = 0.1, #uM
                K_IP3_PH_YFP_C_total = ((4100 * (1.0 / 602.0) + (6644 * 0.0) + (6644 * 1.0))),
                speed_P4M_PIP = 1.0,
                KD_P4M_PIP = 1.5, #uM
                K_P4M_C_total = ((6644 * 1.0) + (4100 * (1.0 / 602.0) * 0.0)),
                ERM = 20500, #um^2
                KD_inh_Ca_IP3R = 0.2,
                Kon_Ca_IP3R = 2.7,
                speed_IP3_IRBIT = 1.0,
                KD_IP3_IP3R_IRBIT = 0.1, #uM
                KD_IP3R_IRBIT = 0.5, #uM
                vL = 0.006,
                r_KVH = 1.0,
                vP = 1.0,
                kP = 1.3, #uM
                Jmax2 = 80.0,
                KD_IP3_IP3R = 0.1, #uM
                KD_act_Ca_IP3R = 0.2, #uM
                KFlux_ERM_C = 3.085491,
                KFlux_ERM_Ca_store = 17.14161,
                speed_Ca_Fura2 = 10.0,
                KD_Fura2 = 0.145, #uM
                K_Ca_Fura2_C_total <- ((6644 * 0.0) + (6644 * 1.0)),
                f_ATPase = 100,
                b_ATPase = 0.005,
                K2f_ATPase = 0.00051137214,
                K2f_ex = 6.3680304E-8,
                nai = 7.6,
                nao = 152,
                cao = 2,
                E_1 = 0.01315,
                E_2 = 0.0255,
                diam = 10, 
                FARADAY_2 = 96520,
                voltage = -62.61479,
                gcalbar = 0.001, 
                gcalbar2 <- 0.00012, 
                tfa = 1,
                tfa2 = 5,
                f = ((25.0 / 293.15) * (24 + 273.15)) / 2,
                f2 = ((25.0 / 293.15) * (24 + 273.15)) / 2,
                ki = 0.001,
                gCa_L = 0.0000022, 
                ECa_L = 134,
                speed_GaGTP_PLC_M_Ca = 1.0,
                density_ICa = 20.0,
                density_ICa2 = 20.0,
                dt = 0.05)